# cutadapt
$ cat config.raw | while read id;
 $id
 > do echo $id
>  arr=($id)
>  fq1=${arr[1]}
>  fq2=${arr[2]}
=${arr>  sample=${arr[0]}
utadapt >
> cutadapt -a CTGTCTCTTATA -A CTGTCTCTTATA -j 6\
>     --minimum-length 30 --overlap 3 -e 0.1 --trim-n \
>     -o /mnt/d/ATAC/cutadapt/$fq1 -p /mnt/d/ATAC/cutadapt/$fq2 $fq1 $fq2
> done
./SRR11539111_1.fastq.gz ./SRR11539111_1.fastq.gz ./SRR11539111_2.fastq.gz
This is cutadapt 4.1 with Python 3.9.13
Command line parameters: -a CTGTCTCTTATA -A CTGTCTCTTATA -j 6 --minimum-length 30 --overlap 3 -e 0.1 --trim-n -o /mnt/d/ATAC/cutadapt/./SRR11539111_1.fastq.gz -p /mnt/d/ATAC/cutadapt/./SRR11539111_2.fastq.gz ./SRR11539111_1.fastq.gz ./SRR11539111_2.fastq.gz
Processing paired-end reads on 6 cores ...
Done           00:06:19    49,914,660 reads @   7.6 µs/read;   7.89 M reads/minute
Finished in 379.84 s (8 µs/read; 7.88 M reads/minute).

=== Summary ===

Total read pairs processed:         49,914,660
  Read 1 with adapter:              14,871,816 (29.8%)
  Read 2 with adapter:              14,912,535 (29.9%)

== Read fate breakdown ==
Pairs that were too short:             188,512 (0.4%)
Pairs written (passing filters):    49,726,148 (99.6%)

Total basepairs processed: 9,982,932,000 bp
  Read 1: 4,991,466,000 bp
  Read 2: 4,991,466,000 bp
Total written (filtered):  8,933,465,719 bp (89.5%)
  Read 1: 4,468,209,909 bp
  Read 2: 4,465,255,810 bp

=== First read: Adapter 1 ===

Sequence: CTGTCTCTTATA; Type: regular 3'; Length: 12; Trimmed: 14871816 times

Minimum overlap: 3
No. of allowed errors:
1-9 bp: 0; 10-12 bp: 1

Bases preceding removed adapters:
  A: 10.3%
  C: 43.4%
  G: 26.2%
  T: 20.1%
  none/other: 0.0%

Overview of removed sequences
length  count   expect  max.err error counts
3       853679  779916.6        0       853679
4       343042  194979.1        0       343042
5       198769  48744.8 0       198769
6       175781  12186.2 0       175781
7       164517  3046.5  0       164517
8       163732  761.6   0       163732
9       162477  190.4   0       161067 1410
10      167090  47.6    1       163091 3999
11      173387  11.9    1       170494 2893
12      171791  3.0     1       169719 2072
13      178444  3.0     1       175688 2756
14      176481  3.0     1       174405 2076
15      175747  3.0     1       173717 2030
16      178140  3.0     1       176160 1980
17      176767  3.0     1       174749 2018
18      183397  3.0     1       180516 2881
19      189822  3.0     1       187695 2127
20      193127  3.0     1       191222 1905
21      198453  3.0     1       196208 2245
22      203115  3.0     1       201071 2044
23      205326  3.0     1       201893 3433
24      208566  3.0     1       204560 4006
25      207482  3.0     1       204083 3399
26      204622  3.0     1       201493 3129
27      198997  3.0     1       195373 3624
28      203906  3.0     1       200666 3240
29      211814  3.0     1       207882 3932
30      220914  3.0     1       217264 3650
31      245251  3.0     1       240480 4771
32      235391  3.0     1       230613 4778
33      243125  3.0     1       238568 4557
34      235697  3.0     1       231788 3909
35      237301  3.0     1       233470 3831
36      231525  3.0     1       229011 2514
37      225919  3.0     1       222779 3140
38      225795  3.0     1       222259 3536
39      233258  3.0     1       230071 3187
40      252248  3.0     1       248921 3327
41      262567  3.0     1       257932 4635
42      269625  3.0     1       266006 3619
43      277778  3.0     1       272925 4853
44      274834  3.0     1       271136 3698
45      264466  3.0     1       260998 3468
46      262811  3.0     1       259265 3546
47      250629  3.0     1       247472 3157
48      242699  3.0     1       239545 3154
49      256135  3.0     1       252775 3360
50      260717  3.0     1       257763 2954
51      277561  3.0     1       274636 2925
52      292194  3.0     1       289266 2928
53      300422  3.0     1       297836 2586
54      295078  3.0     1       292187 2891
55      297260  3.0     1       294573 2687
56      272690  3.0     1       270245 2445
57      252382  3.0     1       249908 2474
58      223417  3.0     1       221432 1985
59      224583  3.0     1       221403 3180
60      222993  3.0     1       221091 1902
61      221534  3.0     1       219385 2149
62      212013  3.0     1       209669 2344
63      179668  3.0     1       177831 1837
64      139557  3.0     1       136106 3451
65      81738   3.0     1       80672 1066
66      43566   3.0     1       42812 754
67      39379   3.0     1       38520 859
68      24655   3.0     1       23038 1617
69      22031   3.0     1       20480 1551
70      21692   3.0     1       20993 699
71      32049   3.0     1       30885 1164
72      31497   3.0     1       30877 620
73      35723   3.0     1       31842 3881
74      13821   3.0     1       13003 818
75      3664    3.0     1       3164 500
76      1604    3.0     1       721 883
77      2379    3.0     1       1996 383
78      1427    3.0     1       718 709
79      4083    3.0     1       3503 580
80      3027    3.0     1       528 2499
81      2322    3.0     1       1268 1054
82      1138    3.0     1       170 968
83      2543    3.0     1       361 2182
84      549     3.0     1       82 467
85      463     3.0     1       114 349
86      655     3.0     1       62 593
87      546     3.0     1       27 519
88      1503    3.0     1       21 1482
89      552     3.0     1       18 534
90      1665    3.0     1       22 1643
91      671     3.0     1       42 629
92      2712    3.0     1       39 2673
93      740     3.0     1       8 732
94      1301    3.0     1       4 1297
95      249     3.0     1       3 246
96      210     3.0     1       10 200
97      1253    3.0     1       16 1237
98      725     3.0     1       9 716
99      357     3.0     1       18 339
100     819     3.0     1       435 384


=== Second read: Adapter 2 ===

Sequence: CTGTCTCTTATA; Type: regular 3'; Length: 12; Trimmed: 14912535 times

Minimum overlap: 3
No. of allowed errors:
1-9 bp: 0; 10-12 bp: 1

Bases preceding removed adapters:
  A: 10.1%
  C: 43.7%
  G: 26.2%
  T: 20.0%
  none/other: 0.0%

Overview of removed sequences
length  count   expect  max.err error counts
3       838914  779916.6        0       838914
4       338726  194979.1        0       338726
5       198470  48744.8 0       198470
6       174343  12186.2 0       174343
7       163664  3046.5  0       163664
8       163270  761.6   0       163270
9       161587  190.4   0       160152 1435
10      167475  47.6    1       162021 5454
11      173734  11.9    1       169332 4402
12      172086  3.0     1       168392 3694
13      178197  3.0     1       173622 4575
14      176741  3.0     1       172989 3752
15      176295  3.0     1       172517 3778
16      178439  3.0     1       174863 3576
17      177600  3.0     1       173827 3773
18      183898  3.0     1       179786 4112
19      191203  3.0     1       187127 4076
20      193853  3.0     1       190075 3778
21      199459  3.0     1       195420 4039
22      204849  3.0     1       201346 3503
23      206195  3.0     1       201533 4662
24      211029  3.0     1       206567 4462
25      208767  3.0     1       204679 4088
26      206171  3.0     1       202406 3765
27      200033  3.0     1       196195 3838
28      204894  3.0     1       201336 3558
29      213377  3.0     1       209409 3968
30      222323  3.0     1       218297 4026
31      248373  3.0     1       242542 5831
32      236525  3.0     1       232453 4072
33      245964  3.0     1       240903 5061
34      237013  3.0     1       233037 3976
35      238556  3.0     1       234445 4111
36      232784  3.0     1       228900 3884
37      226344  3.0     1       222242 4102
38      226691  3.0     1       222640 4051
39      234389  3.0     1       230394 3995
40      254041  3.0     1       249644 4397
41      263461  3.0     1       258088 5373
42      270621  3.0     1       266458 4163
43      278528  3.0     1       272703 5825
44      276290  3.0     1       272044 4246
45      265537  3.0     1       261368 4169
46      263901  3.0     1       260131 3770
47      251676  3.0     1       248561 3115
48      243531  3.0     1       240385 3146
49      256954  3.0     1       253376 3578
50      261461  3.0     1       257706 3755
51      278332  3.0     1       274397 3935
52      293028  3.0     1       289638 3390
53      301339  3.0     1       298033 3306
54      296064  3.0     1       292044 4020
55      298064  3.0     1       294332 3732
56      273326  3.0     1       270137 3189
57      253067  3.0     1       249553 3514
58      224041  3.0     1       220987 3054
59      225052  3.0     1       221354 3698
60      223592  3.0     1       220931 2661
61      222061  3.0     1       219068 2993
62      212517  3.0     1       209609 2908
63      180139  3.0     1       177931 2208
64      140034  3.0     1       136318 3716
65      82091   3.0     1       80778 1313
66      43798   3.0     1       42954 844
67      39938   3.0     1       38899 1039
68      25102   3.0     1       23288 1814
69      22417   3.0     1       20882 1535
70      22067   3.0     1       21367 700
71      32310   3.0     1       31270 1040
72      31998   3.0     1       31278 720
73      36377   3.0     1       32325 4052
74      14515   3.0     1       13512 1003
75      4036    3.0     1       3446 590
76      2326    3.0     1       1264 1062
77      2838    3.0     1       2276 562
78      1670    3.0     1       884 786
79      4799    3.0     1       3957 842
80      3201    3.0     1       764 2437
81      2783    3.0     1       1516 1267
82      1496    3.0     1       433 1063
83      2610    3.0     1       522 2088
84      1051    3.0     1       360 691
85      670     3.0     1       239 431
86      981     3.0     1       272 709
87      771     3.0     1       166 605
88      1460    3.0     1       115 1345
89      756     3.0     1       100 656
90      1730    3.0     1       101 1629
91      908     3.0     1       202 706
92      2990    3.0     1       230 2760
93      833     3.0     1       39 794
94      1302    3.0     1       38 1264
95      237     3.0     1       8 229
96      260     3.0     1       30 230
97      1371    3.0     1       129 1242
98      704     3.0     1       36 668
99      412     3.0     1       37 375
100     839     3.0     1       432 407
./SRR11539112_1.fastq.gz ./SRR11539112_1.fastq.gz ./SRR11539112_2.fastq.gz
This is cutadapt 4.1 with Python 3.9.13
Command line parameters: -a CTGTCTCTTATA -A CTGTCTCTTATA -j 6 --minimum-length 30 --overlap 3 -e 0.1 --trim-n -o /mnt/d/ATAC/cutadapt/./SRR11539112_1.fastq.gz -p /mnt/d/ATAC/cutadapt/./SRR11539112_2.fastq.gz ./SRR11539112_1.fastq.gz ./SRR11539112_2.fastq.gz
Traceback (most recent call last):
  File "/home/linuxbrew/.linuxbrew/bin/cutadapt", line 8, in <module>
    sys.exit(main_cli())
  File "/home/linuxbrew/.linuxbrew/opt/python@3.9/lib/python3.9/site-packages/cutadapt/__main__.py", line 1014, in main_cli
    main(sys.argv[1:])
  File "/home/linuxbrew/.linuxbrew/opt/python@3.9/lib/python3.9/site-packages/cutadapt/__main__.py", line 1076, in main
    outfiles = open_output_files(
  File "/home/linuxbrew/.linuxbrew/opt/python@3.9/lib/python3.9/site-packages/cutadapt/__main__.py", line 532, in open_output_files
    out, out2 = file_opener.xopen_pair(args.output, args.paired_output, "wb")
  File "/home/linuxbrew/.linuxbrew/opt/python@3.9/lib/python3.9/site-packages/cutadapt/utils.py", line 223, in xopen_pair
    file1 = self.xopen_or_none(path1, mode)
  File "/home/linuxbrew/.linuxbrew/opt/python@3.9/lib/python3.9/site-packages/cutadapt/utils.py", line 215, in xopen_or_none
    return self.xopen(path, mode)
  File "/home/linuxbrew/.linuxbrew/opt/python@3.9/lib/python3.9/site-packages/cutadapt/utils.py", line 205, in xopen
    f = open_raise_limit(
  File "/home/linuxbrew/.linuxbrew/opt/python@3.9/lib/python3.9/site-packages/cutadapt/utils.py", line 52, in open_raise_limit
    f = func(*args, **kwargs)
  File "/home/linuxbrew/.linuxbrew/opt/python@3.9/lib/python3.9/site-packages/xopen/__init__.py", line 1075, in xopen
    opened_file = _open_gz(
  File "/home/linuxbrew/.linuxbrew/opt/python@3.9/lib/python3.9/site-packages/xopen/__init__.py", line 958, in _open_gz
    return gzip.open(
  File "/home/linuxbrew/.linuxbrew/opt/python@3.9/lib/python3.9/gzip.py", line 58, in open
    binary_file = GzipFile(filename, gz_mode, compresslevel)
  File "/home/linuxbrew/.linuxbrew/opt/python@3.9/lib/python3.9/gzip.py", line 173, in __init__
    fileobj = self.myfileobj = builtins.open(filename, mode or 'rb')
FileNotFoundError: [Errno 2] No such file or directory: '/mnt/d/ATAC/cutadapt/./SRR11539112_1.fastq.gz'
./SRR11539115_1.fastq.gz ./SRR11539115_1.fastq.gz ./SRR11539115_2.fastq.gz
This is cutadapt 4.1 with Python 3.9.13
Command line parameters: -a CTGTCTCTTATA -A CTGTCTCTTATA -j 6 --minimum-length 30 --overlap 3 -e 0.1 --trim-n -o /mnt/d/ATAC/cutadapt/./SRR11539115_1.fastq.gz -p /mnt/d/ATAC/cutadapt/./SRR11539115_2.fastq.gz ./SRR11539115_1.fastq.gz ./SRR11539115_2.fastq.gz
Processing paired-end reads on 6 cores ...
Done           00:06:20    48,920,905 reads @   7.8 µs/read;   7.72 M reads/minute
Finished in 380.22 s (8 µs/read; 7.72 M reads/minute).

=== Summary ===

Total read pairs processed:         48,920,905
  Read 1 with adapter:              12,535,229 (25.6%)
  Read 2 with adapter:              12,591,488 (25.7%)

== Read fate breakdown ==
Pairs that were too short:             161,379 (0.3%)
Pairs written (passing filters):    48,759,526 (99.7%)

Total basepairs processed: 9,784,181,000 bp
  Read 1: 4,892,090,500 bp
  Read 2: 4,892,090,500 bp
Total written (filtered):  8,913,977,597 bp (91.1%)
  Read 1: 4,458,834,336 bp
  Read 2: 4,455,143,261 bp

=== First read: Adapter 1 ===

Sequence: CTGTCTCTTATA; Type: regular 3'; Length: 12; Trimmed: 12535229 times

Minimum overlap: 3
No. of allowed errors:
1-9 bp: 0; 10-12 bp: 1

Bases preceding removed adapters:
  A: 11.6%
  C: 41.5%
  G: 26.1%
  T: 20.9%
  none/other: 0.0%

Overview of removed sequences
length  count   expect  max.err error counts
3       874464  764389.1        0       874464
4       333219  191097.3        0       333219
5       183874  47774.3 0       183874
6       158828  11943.6 0       158828
7       144539  2985.9  0       144539
8       137483  746.5   0       137483
9       135767  186.6   0       134190 1577
10      138150  46.7    1       133943 4207
11      141313  11.7    1       138493 2820
12      140079  2.9     1       138083 1996
13      148671  2.9     1       146114 2557
14      149894  2.9     1       147931 1963
15      151774  2.9     1       149775 1999
16      156016  2.9     1       154101 1915
17      152731  2.9     1       150735 1996
18      154115  2.9     1       150963 3152
19      154395  2.9     1       152442 1953
20      154756  2.9     1       152918 1838
21      155792  2.9     1       153165 2627
22      160316  2.9     1       158277 2039
23      166638  2.9     1       162438 4200
24      168470  2.9     1       165005 3465
25      174301  2.9     1       171179 3122
26      174747  2.9     1       171822 2925
27      171278  2.9     1       167865 3413
28      171999  2.9     1       168918 3081
29      173874  2.9     1       170309 3565
30      177773  2.9     1       174393 3380
31      185065  2.9     1       181018 4047
32      181416  2.9     1       176702 4714
33      184003  2.9     1       180003 4000
34      189906  2.9     1       186251 3655
35      195206  2.9     1       191871 3335
36      200015  2.9     1       197516 2499
37      194618  2.9     1       191596 3022
38      192527  2.9     1       188907 3620
39      193998  2.9     1       191070 2928
40      201617  2.9     1       198479 3138
41      207109  2.9     1       203127 3982
42      209576  2.9     1       206326 3250
43      216651  2.9     1       212193 4458
44      219094  2.9     1       215627 3467
45      220138  2.9     1       216711 3427
46      229108  2.9     1       225478 3630
47      220945  2.9     1       217775 3170
48      214483  2.9     1       211276 3207
49      227297  2.9     1       224041 3256
50      228376  2.9     1       225659 2717
51      234292  2.9     1       231516 2776
52      239417  2.9     1       236478 2939
53      242080  2.9     1       239704 2376
54      240514  2.9     1       237709 2805
55      245878  2.9     1       243275 2603
56      238307  2.9     1       235768 2539
57      225798  2.9     1       223264 2534
58      199496  2.9     1       197300 2196
59      201607  2.9     1       198004 3603
60      197067  2.9     1       195084 1983
61      183913  2.9     1       181805 2108
62      163779  2.9     1       161201 2578
63      134144  2.9     1       132251 1893
64      100920  2.9     1       96906 4014
65      55242   2.9     1       54311 931
66      27804   2.9     1       27064 740
67      23333   2.9     1       22545 788
68      16732   2.9     1       14631 2101
69      15113   2.9     1       13498 1615
70      15881   2.9     1       15249 632
71      22784   2.9     1       21616 1168
72      21326   2.9     1       20764 562
73      25662   2.9     1       20606 5056
74      11497   2.9     1       10576 921
75      2505    2.9     1       2035 470
76      1370    2.9     1       453 917
77      1538    2.9     1       1104 434
78      1154    2.9     1       440 714
79      2130    2.9     1       1665 465
80      3925    2.9     1       364 3561
81      2229    2.9     1       851 1378
82      1263    2.9     1       137 1126
83      2626    2.9     1       257 2369
84      551     2.9     1       88 463
85      439     2.9     1       87 352
86      720     2.9     1       60 660
87      581     2.9     1       42 539
88      1437    2.9     1       25 1412
89      549     2.9     1       31 518
90      1869    2.9     1       36 1833
91      786     2.9     1       45 741
92      3090    2.9     1       47 3043
93      825     2.9     1       9 816
94      1556    2.9     1       8 1548
95      272     2.9     1       4 268
96      277     2.9     1       7 270
97      1327    2.9     1       28 1299
98      859     2.9     1       4 855
99      484     2.9     1       24 460
100     1877    2.9     1       1306 571


=== Second read: Adapter 2 ===

Sequence: CTGTCTCTTATA; Type: regular 3'; Length: 12; Trimmed: 12591488 times

Minimum overlap: 3
No. of allowed errors:
1-9 bp: 0; 10-12 bp: 1

Bases preceding removed adapters:
  A: 11.5%
  C: 41.7%
  G: 26.0%
  T: 20.8%
  none/other: 0.0%

Overview of removed sequences
length  count   expect  max.err error counts
3       855632  764389.1        0       855632
4       327325  191097.3        0       327325
5       183949  47774.3 0       183949
6       158328  11943.6 0       158328
7       144120  2985.9  0       144120
8       137048  746.5   0       137048
9       135453  186.6   0       133930 1523
10      138751  46.7    1       133483 5268
11      142232  11.7    1       138168 4064
12      140732  2.9     1       137588 3144
13      148909  2.9     1       145016 3893
14      150471  2.9     1       147169 3302
15      152616  2.9     1       149199 3417
16      156844  2.9     1       153567 3277
17      153701  2.9     1       150290 3411
18      154982  2.9     1       150902 4080
19      155693  2.9     1       152330 3363
20      156011  2.9     1       152803 3208
21      156889  2.9     1       153070 3819
22      161996  2.9     1       158969 3027
23      167566  2.9     1       162733 4833
24      170486  2.9     1       166621 3865
25      175827  2.9     1       172417 3410
26      176153  2.9     1       172886 3267
27      172625  2.9     1       169123 3502
28      173400  2.9     1       170087 3313
29      175549  2.9     1       172045 3504
30      179575  2.9     1       176192 3383
31      187630  2.9     1       183298 4332
32      182776  2.9     1       178978 3798
33      186299  2.9     1       182173 4126
34      191311  2.9     1       187889 3422
35      196686  2.9     1       193088 3598
36      201319  2.9     1       197878 3441
37      195572  2.9     1       192070 3502
38      193769  2.9     1       189954 3815
39      195413  2.9     1       191833 3580
40      203540  2.9     1       199810 3730
41      208445  2.9     1       204149 4296
42      211157  2.9     1       207578 3579
43      218101  2.9     1       213061 5040
44      220949  2.9     1       217088 3861
45      221461  2.9     1       217697 3764
46      230696  2.9     1       227045 3651
47      222317  2.9     1       219583 2734
48      215801  2.9     1       212890 2911
49      228642  2.9     1       225376 3266
50      229811  2.9     1       226256 3555
51      235581  2.9     1       231960 3621
52      240675  2.9     1       237560 3115
53      243590  2.9     1       240678 2912
54      241882  2.9     1       238389 3493
55      247322  2.9     1       243977 3345
56      239408  2.9     1       236429 2979
57      227050  2.9     1       223782 3268
58      200448  2.9     1       197568 2880
59      202368  2.9     1       198455 3913
60      198264  2.9     1       195655 2609
61      184893  2.9     1       182143 2750
62      164705  2.9     1       161744 2961
63      134954  2.9     1       132981 1973
64      101600  2.9     1       97468 4132
65      56009   2.9     1       54844 1165
66      28282   2.9     1       27403 879
67      24027   2.9     1       23099 928
68      17069   2.9     1       15009 2060
69      15690   2.9     1       13922 1768
70      16414   2.9     1       15670 744
71      23250   2.9     1       22073 1177
72      21957   2.9     1       21281 676
73      26114   2.9     1       21097 5017
74      12155   2.9     1       11118 1037
75      2995    2.9     1       2435 560
76      1958    2.9     1       900 1058
77      2016    2.9     1       1445 571
78      1641    2.9     1       700 941
79      2827    2.9     1       2072 755
80      4214    2.9     1       642 3572
81      2626    2.9     1       1122 1504
82      1733    2.9     1       430 1303
83      2850    2.9     1       439 2411
84      958     2.9     1       352 606
85      707     2.9     1       258 449
86      1092    2.9     1       296 796
87      906     2.9     1       268 638
88      1638    2.9     1       162 1476
89      700     2.9     1       124 576
90      2126    2.9     1       177 1949
91      1017    2.9     1       234 783
92      3319    2.9     1       347 2972
93      1015    2.9     1       63 952
94      1543    2.9     1       63 1480
95      272     2.9     1       21 251
96      312     2.9     1       41 271
97      1522    2.9     1       187 1335
98      826     2.9     1       65 761
99      510     2.9     1       59 451
100     1900    2.9     1       1289 611
./SRR11539116_1.fastq.gz ./SRR11539116_1.fastq.gz ./SRR11539116_2.fastq.gz
This is cutadapt 4.1 with Python 3.9.13
Command line parameters: -a CTGTCTCTTATA -A CTGTCTCTTATA -j 6 --minimum-length 30 --overlap 3 -e 0.1 --trim-n -o /mnt/d/ATAC/cutadapt/./SRR11539116_1.fastq.gz -p /mnt/d/ATAC/cutadapt/./SRR11539116_2.fastq.gz ./SRR11539116_1.fastq.gz ./SRR11539116_2.fastq.gz
Processing paired-end reads on 6 cores ...
Done           00:05:46    43,614,046 reads @   7.9 µs/read;   7.55 M reads/minute
Finished in 346.43 s (8 µs/read; 7.55 M reads/minute).

=== Summary ===

Total read pairs processed:         43,614,046
  Read 1 with adapter:              11,275,484 (25.9%)
  Read 2 with adapter:              11,317,474 (25.9%)

== Read fate breakdown ==
Pairs that were too short:             155,768 (0.4%)
Pairs written (passing filters):    43,458,278 (99.6%)

Total basepairs processed: 8,722,809,200 bp
  Read 1: 4,361,404,600 bp
  Read 2: 4,361,404,600 bp
Total written (filtered):  7,960,242,834 bp (91.3%)
  Read 1: 3,981,567,451 bp
  Read 2: 3,978,675,383 bp

=== First read: Adapter 1 ===

Sequence: CTGTCTCTTATA; Type: regular 3'; Length: 12; Trimmed: 11275484 times

Minimum overlap: 3
No. of allowed errors:
1-9 bp: 0; 10-12 bp: 1

Bases preceding removed adapters:
  A: 10.7%
  C: 42.4%
  G: 26.1%
  T: 20.7%
  none/other: 0.0%

Overview of removed sequences
length  count   expect  max.err error counts
3       730561  681469.5        0       730561
4       293016  170367.4        0       293016
5       172502  42591.8 0       172502
6       152127  10648.0 0       152127
7       143578  2662.0  0       143578
8       138457  665.5   0       138457
9       138814  166.4   0       137700 1114
10      142328  41.6    1       138179 4149
11      148869  10.4    1       146372 2497
12      145928  2.6     1       144057 1871
13      151242  2.6     1       148929 2313
14      147151  2.6     1       145385 1766
15      148467  2.6     1       146442 2025
16      148415  2.6     1       146615 1800
17      144382  2.6     1       142603 1779
18      149625  2.6     1       145188 4437
19      152009  2.6     1       150052 1957
20      155911  2.6     1       154161 1750
21      160278  2.6     1       157316 2962
22      164170  2.6     1       162126 2044
23      169444  2.6     1       162826 6618
24      165760  2.6     1       162320 3440
25      163735  2.6     1       160864 2871
26      161274  2.6     1       158652 2622
27      155200  2.6     1       152150 3050
28      159988  2.6     1       157271 2717
29      163165  2.6     1       159545 3620
30      169639  2.6     1       166434 3205
31      180026  2.6     1       176298 3728
32      180770  2.6     1       175431 5339
33      181772  2.6     1       177487 4285
34      184069  2.6     1       180480 3589
35      180032  2.6     1       176906 3126
36      179272  2.6     1       177032 2240
37      171608  2.6     1       168750 2858
38      168452  2.6     1       164953 3499
39      170871  2.6     1       168085 2786
40      177679  2.6     1       174811 2868
41      189367  2.6     1       185549 3818
42      196141  2.6     1       193234 2907
43      203111  2.6     1       198876 4235
44      202062  2.6     1       198545 3517
45      195498  2.6     1       192468 3030
46      196067  2.6     1       192645 3422
47      181377  2.6     1       178661 2716
48      176335  2.6     1       173465 2870
49      183047  2.6     1       180125 2922
50      181881  2.6     1       179282 2599
51      193785  2.6     1       191367 2418
52      202104  2.6     1       199281 2823
53      209920  2.6     1       207750 2170
54      211170  2.6     1       208371 2799
55      211635  2.6     1       209364 2271
56      194650  2.6     1       192611 2039
57      177126  2.6     1       174934 2192
58      155126  2.6     1       153109 2017
59      152974  2.6     1       148800 4174
60      143265  2.6     1       141817 1448
61      140994  2.6     1       139221 1773
62      131620  2.6     1       128829 2791
63      111909  2.6     1       110069 1840
64      90880   2.6     1       84924 5956
65      49711   2.6     1       49042 669
66      24748   2.6     1       24082 666
67      19795   2.6     1       19125 670
68      13851   2.6     1       10670 3181
69      11590   2.6     1       9340 2250
70      9487    2.6     1       9052 435
71      15256   2.6     1       14175 1081
72      14864   2.6     1       14471 393
73      23722   2.6     1       14801 8921
74      6471    2.6     1       5624 847
75      1878    2.6     1       1498 380
76      1108    2.6     1       437 671
77      1178    2.6     1       918 260
78      1252    2.6     1       343 909
79      1643    2.6     1       1273 370
80      6343    2.6     1       266 6077
81      2579    2.6     1       541 2038
82      1705    2.6     1       72 1633
83      3643    2.6     1       131 3512
84      486     2.6     1       63 423
85      359     2.6     1       63 296
86      948     2.6     1       61 887
87      583     2.6     1       46 537
88      1585    2.6     1       27 1558
89      453     2.6     1       15 438
90      3067    2.6     1       82 2985
91      1113    2.6     1       50 1063
92      4006    2.6     1       39 3967
93      1001    2.6     1       9 992
94      2385    2.6     1       7 2378
95      320     2.6     1       3 317
96      243     2.6     1       12 231
97      1520    2.6     1       49 1471
98      804     2.6     1       8 796
99      671     2.6     1       58 613
100     2486    2.6     1       1785 701


=== Second read: Adapter 2 ===

Sequence: CTGTCTCTTATA; Type: regular 3'; Length: 12; Trimmed: 11317474 times

Minimum overlap: 3
No. of allowed errors:
1-9 bp: 0; 10-12 bp: 1

Bases preceding removed adapters:
  A: 10.7%
  C: 42.4%
  G: 26.1%
  T: 20.8%
  none/other: 0.0%

Overview of removed sequences
length  count   expect  max.err error counts
3       717095  681469.5        0       717095
4       288722  170367.4        0       288722
5       172898  42591.8 0       172898
6       151325  10648.0 0       151325
7       142943  2662.0  0       142943
8       138140  665.5   0       138140
9       138369  166.4   0       137241 1128
10      142447  41.6    1       137746 4701
11      149191  10.4    1       145535 3656
12      146255  2.6     1       143349 2906
13      151371  2.6     1       147761 3610
14      147400  2.6     1       144446 2954
15      149222  2.6     1       145984 3238
16      148793  2.6     1       145733 3060
17      144999  2.6     1       141903 3096
18      150364  2.6     1       145066 5298
19      153137  2.6     1       149903 3234
20      156690  2.6     1       153696 2994
21      161205  2.6     1       157193 4012
22      165763  2.6     1       162848 2915
23      169840  2.6     1       162852 6988
24      167794  2.6     1       164343 3451
25      164927  2.6     1       161883 3044
26      162720  2.6     1       159798 2922
27      156155  2.6     1       153231 2924
28      161115  2.6     1       158393 2722
29      164788  2.6     1       161389 3399
30      170925  2.6     1       167953 2972
31      183094  2.6     1       178873 4221
32      181732  2.6     1       177495 4237
33      184291  2.6     1       179963 4328
34      185237  2.6     1       182167 3070
35      181266  2.6     1       178177 3089
36      180425  2.6     1       177438 2987
37      172209  2.6     1       169011 3198
38      169172  2.6     1       165775 3397
39      171946  2.6     1       168962 2984
40      179501  2.6     1       176342 3159
41      190414  2.6     1       186328 4086
42      197356  2.6     1       194138 3218
43      203980  2.6     1       199514 4466
44      203251  2.6     1       199655 3596
45      196589  2.6     1       193337 3252
46      197466  2.6     1       194151 3315
47      182582  2.6     1       180132 2450
48      177252  2.6     1       174767 2485
49      183900  2.6     1       181181 2719
50      182786  2.6     1       179818 2968
51      194710  2.6     1       191875 2835
52      203069  2.6     1       200226 2843
53      210997  2.6     1       208621 2376
54      212081  2.6     1       208790 3291
55      212615  2.6     1       209823 2792
56      195654  2.6     1       193110 2544
57      178110  2.6     1       175346 2764
58      155721  2.6     1       153283 2438
59      153320  2.6     1       149113 4207
60      144051  2.6     1       142235 1816
61      141752  2.6     1       139465 2287
62      132361  2.6     1       129293 3068
63      112480  2.6     1       110615 1865
64      90967   2.6     1       85340 5627
65      50332   2.6     1       49415 917
66      25082   2.6     1       24380 702
67      20265   2.6     1       19495 770
68      13916   2.6     1       10980 2936
69      11863   2.6     1       9736 2127
70      9954    2.6     1       9406 548
71      15705   2.6     1       14540 1165
72      15283   2.6     1       14838 445
73      23608   2.6     1       15218 8390
74      7059    2.6     1       6080 979
75      2333    2.6     1       1780 553
76      1762    2.6     1       881 881
77      1568    2.6     1       1164 404
78      1529    2.6     1       549 980
79      2317    2.6     1       1732 585
80      6089    2.6     1       510 5579
81      2938    2.6     1       782 2156
82      2011    2.6     1       289 1722
83      3605    2.6     1       288 3317
84      873     2.6     1       317 556
85      522     2.6     1       182 340
86      1210    2.6     1       249 961
87      946     2.6     1       218 728
88      1819    2.6     1       135 1684
89      546     2.6     1       86 460
90      2864    2.6     1       95 2769
91      1236    2.6     1       227 1009
92      3937    2.6     1       223 3714
93      1032    2.6     1       43 989
94      2094    2.6     1       25 2069
95      331     2.6     1       10 321
96      249     2.6     1       35 214
97      1679    2.6     1       173 1506
98      879     2.6     1       38 841
99      714     2.6     1       87 627
100     2394    2.6     1       1704 690
