
SUMMARISING RUN PARAMETERS
==========================
Input filename: ./SRR11539116_2.fastq.gz
Trimming mode: paired-end
Trim Galore version: 0.6.8dev
Cutadapt version: 4.1
Number of cores used for trimming: 1
Quality Phred score cutoff: 20
Quality encoding type selected: ASCII+33
Using Nextera adapter for trimming (count: 206518). Second best hit was Illumina (count: 4)
Adapter sequence: 'CTGTCTCTTATA' (Nextera Transposase sequence; auto-detected)
Maximum trimming error rate: 0.1 (default)
Minimum required adapter overlap (stringency): 3 bp
Minimum required sequence length for both reads before a sequence pair gets removed: 35 bp
Output file will be GZIP compressed


This is cutadapt 4.1 with Python 3.9.13
Command line parameters: -j 1 -e 0.1 -q 20 -O 3 -a CTGTCTCTTATA ./SRR11539116_2.fastq.gz
Processing single-end reads on 1 core ...
Finished in 1224.07 s (28 µs/read; 2.14 M reads/minute).

=== Summary ===

Total reads processed:              43,614,046
Reads with adapters:                11,304,857 (25.9%)
Reads written (passing filters):    43,614,046 (100.0%)

Total basepairs processed: 4,361,404,600 bp
Quality-trimmed:              88,174,787 bp (2.0%)
Total written (filtered):  3,899,017,972 bp (89.4%)

=== Adapter 1 ===

Sequence: CTGTCTCTTATA; Type: regular 3'; Length: 12; Trimmed: 11304857 times

Minimum overlap: 3
No. of allowed errors:
1-9 bp: 0; 10-12 bp: 1

Bases preceding removed adapters:
  A: 10.7%
  C: 42.4%
  G: 26.1%
  T: 20.8%
  none/other: 0.0%

Overview of removed sequences
length	count	expect	max.err	error counts
3	718258	681469.5	0	718258
4	286876	170367.4	0	286876
5	174128	42591.8	0	174128
6	149906	10648.0	0	149906
7	143430	2662.0	0	143430
8	138021	665.5	0	138021
9	139194	166.4	0	138126 1068
10	141756	41.6	1	137236 4520
11	150788	10.4	1	146529 4259
12	147010	2.6	1	143920 3090
13	151571	2.6	1	148035 3536
14	146598	2.6	1	143671 2927
15	149962	2.6	1	146624 3338
16	149643	2.6	1	146174 3469
17	145335	2.6	1	142088 3247
18	150435	2.6	1	145183 5252
19	154739	2.6	1	151298 3441
20	156545	2.6	1	153534 3011
21	160471	2.6	1	156593 3878
22	166269	2.6	1	163279 2990
23	168157	2.6	1	161606 6551
24	167916	2.6	1	164555 3361
25	165810	2.6	1	162770 3040
26	161499	2.6	1	158970 2529
27	156030	2.6	1	153222 2808
28	162432	2.6	1	159356 3076
29	166674	2.6	1	163334 3340
30	168514	2.6	1	165908 2606
31	181833	2.6	1	178219 3614
32	184139	2.6	1	179916 4223
33	181431	2.6	1	177604 3827
34	188309	2.6	1	185165 3144
35	177525	2.6	1	174869 2656
36	180033	2.6	1	177306 2727
37	172058	2.6	1	168906 3152
38	169187	2.6	1	165973 3214
39	172296	2.6	1	169568 2728
40	178427	2.6	1	175439 2988
41	189963	2.6	1	186150 3813
42	197264	2.6	1	194210 3054
43	203635	2.6	1	199379 4256
44	203770	2.6	1	200199 3571
45	196347	2.6	1	193401 2946
46	198474	2.6	1	195246 3228
47	180874	2.6	1	178787 2087
48	177060	2.6	1	174686 2374
49	186534	2.6	1	183790 2744
50	180692	2.6	1	178014 2678
51	193013	2.6	1	190440 2573
52	202807	2.6	1	200266 2541
53	209985	2.6	1	207859 2126
54	211817	2.6	1	208590 3227
55	216761	2.6	1	214024 2737
56	193059	2.6	1	190810 2249
57	176895	2.6	1	174406 2489
58	153424	2.6	1	151229 2195
59	153651	2.6	1	149672 3979
60	143086	2.6	1	141479 1607
61	141085	2.6	1	139009 2076
62	132137	2.6	1	129221 2916
63	111576	2.6	1	109839 1737
64	90292	2.6	1	84951 5341
65	49920	2.6	1	49114 806
66	25004	2.6	1	24316 688
67	20207	2.6	1	19463 744
68	13907	2.6	1	11014 2893
69	11804	2.6	1	9782 2022
70	9991	2.6	1	9467 524
71	15814	2.6	1	14691 1123
72	22543	2.6	1	21960 583
73	20856	2.6	1	12662 8194
74	5838	2.6	1	4918 920
75	2056	2.6	1	1506 550
76	1550	2.6	1	743 807
77	1099	2.6	1	719 380
78	1400	2.6	1	440 960
79	1377	2.6	1	783 594
80	5770	2.6	1	286 5484
81	2435	2.6	1	336 2099
82	1864	2.6	1	169 1695
83	3379	2.6	1	175 3204
84	729	2.6	1	216 513
85	478	2.6	1	129 349
86	1086	2.6	1	151 935
87	807	2.6	1	110 697
88	1707	2.6	1	77 1630
89	542	2.6	1	70 472
90	2754	2.6	1	58 2696
91	1123	2.6	1	133 990
92	3666	2.6	1	111 3555
93	1001	2.6	1	31 970
94	2040	2.6	1	21 2019
95	339	2.6	1	15 324
96	266	2.6	1	32 234
97	1502	2.6	1	78 1424
98	837	2.6	1	31 806
99	697	2.6	1	92 605
100	1063	2.6	1	481 582

RUN STATISTICS FOR INPUT FILE: ./SRR11539116_2.fastq.gz
=============================================
43614046 sequences processed in total

Total number of sequences analysed for the sequence pair length validation: 43614046

Number of sequence pairs removed because at least one read was shorter than the length cutoff (35 bp): 949651 (2.18%)
