
SUMMARISING RUN PARAMETERS
==========================
Input filename: ./SRR11539116_1.fastq.gz
Trimming mode: paired-end
Trim Galore version: 0.6.8dev
Cutadapt version: 4.1
Number of cores used for trimming: 1
Quality Phred score cutoff: 20
Quality encoding type selected: ASCII+33
Using Nextera adapter for trimming (count: 206518). Second best hit was Illumina (count: 4)
Adapter sequence: 'CTGTCTCTTATA' (Nextera Transposase sequence; auto-detected)
Maximum trimming error rate: 0.1 (default)
Minimum required adapter overlap (stringency): 3 bp
Minimum required sequence length for both reads before a sequence pair gets removed: 35 bp
Output file will be GZIP compressed


This is cutadapt 4.1 with Python 3.9.13
Command line parameters: -j 1 -e 0.1 -q 20 -O 3 -a CTGTCTCTTATA ./SRR11539116_1.fastq.gz
Processing single-end reads on 1 core ...
Finished in 1228.17 s (28 µs/read; 2.13 M reads/minute).

=== Summary ===

Total reads processed:              43,614,046
Reads with adapters:                11,269,923 (25.8%)
Reads written (passing filters):    43,614,046 (100.0%)

Total basepairs processed: 4,361,404,600 bp
Quality-trimmed:               6,332,551 bp (0.1%)
Total written (filtered):  3,983,024,596 bp (91.3%)

=== Adapter 1 ===

Sequence: CTGTCTCTTATA; Type: regular 3'; Length: 12; Trimmed: 11269923 times

Minimum overlap: 3
No. of allowed errors:
1-9 bp: 0; 10-12 bp: 1

Bases preceding removed adapters:
  A: 10.7%
  C: 42.4%
  G: 26.1%
  T: 20.7%
  none/other: 0.0%

Overview of removed sequences
length	count	expect	max.err	error counts
3	734726	681469.5	0	734726
4	290656	170367.4	0	290656
5	173534	42591.8	0	173534
6	149472	10648.0	0	149472
7	143712	2662.0	0	143712
8	137863	665.5	0	137863
9	138544	166.4	0	137451 1093
10	141509	41.6	1	137591 3918
11	149082	10.4	1	146568 2514
12	146462	2.6	1	144545 1917
13	151908	2.6	1	149587 2321
14	145891	2.6	1	144315 1576
15	149461	2.6	1	147295 2166
16	147770	2.6	1	145992 1778
17	145144	2.6	1	143320 1824
18	148810	2.6	1	144517 4293
19	152552	2.6	1	150592 1960
20	155925	2.6	1	154169 1756
21	162712	2.6	1	159415 3297
22	165199	2.6	1	163174 2025
23	167827	2.6	1	161446 6381
24	163572	2.6	1	160377 3195
25	163748	2.6	1	160944 2804
26	160982	2.6	1	158412 2570
27	157056	2.6	1	153626 3430
28	158046	2.6	1	155585 2461
29	164729	2.6	1	160745 3984
30	172149	2.6	1	168702 3447
31	177943	2.6	1	174518 3425
32	181156	2.6	1	175859 5297
33	180189	2.6	1	176052 4137
34	185276	2.6	1	181643 3633
35	180857	2.6	1	177577 3280
36	181321	2.6	1	178867 2454
37	171606	2.6	1	168832 2774
38	166384	2.6	1	163102 3282
39	171969	2.6	1	168995 2974
40	180848	2.6	1	177722 3126
41	188880	2.6	1	185146 3734
42	203748	2.6	1	200432 3316
43	253027	2.6	1	248050 4977
44	163476	2.6	1	160748 2728
45	176604	2.6	1	174334 2270
46	191919	2.6	1	188989 2930
47	180648	2.6	1	178033 2615
48	175795	2.6	1	173002 2793
49	183945	2.6	1	181075 2870
50	180784	2.6	1	178251 2533
51	196732	2.6	1	194104 2628
52	202549	2.6	1	199755 2794
53	211636	2.6	1	209398 2238
54	209226	2.6	1	206526 2700
55	221552	2.6	1	218941 2611
56	187090	2.6	1	185460 1630
57	177437	2.6	1	175362 2075
58	152308	2.6	1	150445 1863
59	150788	2.6	1	146885 3903
60	142752	2.6	1	141385 1367
61	139016	2.6	1	137456 1560
62	130267	2.6	1	127640 2627
63	111218	2.6	1	109429 1789
64	90063	2.6	1	84306 5757
65	49633	2.6	1	48989 644
66	25117	2.6	1	24433 684
67	19232	2.6	1	18588 644
68	13721	2.6	1	10583 3138
69	11561	2.6	1	9341 2220
70	9552	2.6	1	9095 457
71	15207	2.6	1	14134 1073
72	14882	2.6	1	14424 458
73	23428	2.6	1	14619 8809
74	6407	2.6	1	5579 828
75	1934	2.6	1	1543 391
76	2036	2.6	1	1367 669
77	1717	2.6	1	1446 271
78	1786	2.6	1	875 911
79	1272	2.6	1	870 402
80	6287	2.6	1	260 6027
81	2297	2.6	1	249 2048
82	1709	2.6	1	73 1636
83	3552	2.6	1	81 3471
84	474	2.6	1	50 424
85	343	2.6	1	37 306
86	916	2.6	1	31 885
87	602	2.6	1	32 570
88	1552	2.6	1	23 1529
89	492	2.6	1	32 460
90	3025	2.6	1	54 2971
91	1108	2.6	1	31 1077
92	3951	2.6	1	29 3922
93	1007	2.6	1	7 1000
94	2375	2.6	1	11 2364
95	330	2.6	1	8 322
96	266	2.6	1	17 249
97	1484	2.6	1	34 1450
98	808	2.6	1	22 786
99	680	2.6	1	63 617
100	1130	2.6	1	472 658

RUN STATISTICS FOR INPUT FILE: ./SRR11539116_1.fastq.gz
=============================================
43614046 sequences processed in total

