
SUMMARISING RUN PARAMETERS
==========================
Input filename: ./SRR11539115_1.fastq.gz
Trimming mode: paired-end
Trim Galore version: 0.6.8dev
Cutadapt version: 4.1
Number of cores used for trimming: 1
Quality Phred score cutoff: 20
Quality encoding type selected: ASCII+33
Using Nextera adapter for trimming (count: 209592). Second best hit was smallRNA (count: 1)
Adapter sequence: 'CTGTCTCTTATA' (Nextera Transposase sequence; auto-detected)
Maximum trimming error rate: 0.1 (default)
Minimum required adapter overlap (stringency): 3 bp
Minimum required sequence length for both reads before a sequence pair gets removed: 35 bp
Output file will be GZIP compressed


This is cutadapt 4.1 with Python 3.9.13
Command line parameters: -j 1 -e 0.1 -q 20 -O 3 -a CTGTCTCTTATA ./SRR11539115_1.fastq.gz
Processing single-end reads on 1 core ...
Finished in 1365.91 s (28 µs/read; 2.15 M reads/minute).

=== Summary ===

Total reads processed:              48,920,905
Reads with adapters:                12,530,223 (25.6%)
Reads written (passing filters):    48,920,905 (100.0%)

Total basepairs processed: 4,892,090,500 bp
Quality-trimmed:               7,475,274 bp (0.2%)
Total written (filtered):  4,458,907,996 bp (91.1%)

=== Adapter 1 ===

Sequence: CTGTCTCTTATA; Type: regular 3'; Length: 12; Trimmed: 12530223 times

Minimum overlap: 3
No. of allowed errors:
1-9 bp: 0; 10-12 bp: 1

Bases preceding removed adapters:
  A: 11.6%
  C: 41.5%
  G: 26.1%
  T: 20.9%
  none/other: 0.0%

Overview of removed sequences
length	count	expect	max.err	error counts
3	879491	764389.1	0	879491
4	331003	191097.3	0	331003
5	184612	47774.3	0	184612
6	156156	11943.6	0	156156
7	144553	2985.9	0	144553
8	136873	746.5	0	136873
9	135656	186.6	0	134094 1562
10	137357	46.7	1	133370 3987
11	141579	11.7	1	138696 2883
12	140627	2.9	1	138569 2058
13	149317	2.9	1	146756 2561
14	148758	2.9	1	146953 1805
15	152536	2.9	1	150468 2068
16	155512	2.9	1	153605 1907
17	153560	2.9	1	151514 2046
18	153184	2.9	1	150182 3002
19	154936	2.9	1	153034 1902
20	154765	2.9	1	152917 1848
21	158011	2.9	1	155040 2971
22	161279	2.9	1	159252 2027
23	165153	2.9	1	161201 3952
24	166495	2.9	1	163279 3216
25	174258	2.9	1	171235 3023
26	174388	2.9	1	171539 2849
27	172798	2.9	1	168911 3887
28	170488	2.9	1	167643 2845
29	175163	2.9	1	171238 3925
30	180461	2.9	1	176823 3638
31	182304	2.9	1	178633 3671
32	181788	2.9	1	177148 4640
33	182481	2.9	1	178664 3817
34	191575	2.9	1	187765 3810
35	196617	2.9	1	193287 3330
36	200822	2.9	1	198322 2500
37	194347	2.9	1	191248 3099
38	192627	2.9	1	189057 3570
39	193817	2.9	1	190796 3021
40	201647	2.9	1	198518 3129
41	216640	2.9	1	211882 4758
42	211731	2.9	1	208375 3356
43	269757	2.9	1	264395 5362
44	181108	2.9	1	178404 2704
45	198778	2.9	1	196093 2685
46	223965	2.9	1	220843 3122
47	220125	2.9	1	217061 3064
48	214164	2.9	1	211038 3126
49	228342	2.9	1	225158 3184
50	226983	2.9	1	224394 2589
51	237644	2.9	1	234676 2968
52	240404	2.9	1	237506 2898
53	244354	2.9	1	241911 2443
54	237878	2.9	1	235185 2693
55	259877	2.9	1	256791 3086
56	228815	2.9	1	226767 2048
57	226089	2.9	1	223731 2358
58	195452	2.9	1	193491 1961
59	198539	2.9	1	195210 3329
60	196115	2.9	1	194297 1818
61	180869	2.9	1	179041 1828
62	162182	2.9	1	159780 2402
63	133108	2.9	1	131337 1771
64	99933	2.9	1	96092 3841
65	55185	2.9	1	54291 894
66	28254	2.9	1	27494 760
67	22662	2.9	1	21933 729
68	16596	2.9	1	14497 2099
69	15086	2.9	1	13501 1585
70	15938	2.9	1	15293 645
71	22711	2.9	1	21565 1146
72	21256	2.9	1	20689 567
73	25377	2.9	1	20380 4997
74	11313	2.9	1	10434 879
75	2547	2.9	1	2079 468
76	2297	2.9	1	1379 918
77	2095	2.9	1	1661 434
78	1781	2.9	1	1063 718
79	1558	2.9	1	1080 478
80	3880	2.9	1	356 3524
81	1772	2.9	1	391 1381
82	1236	2.9	1	94 1142
83	2478	2.9	1	144 2334
84	505	2.9	1	52 453
85	392	2.9	1	39 353
86	716	2.9	1	45 671
87	577	2.9	1	21 556
88	1417	2.9	1	23 1394
89	562	2.9	1	34 528
90	1846	2.9	1	25 1821
91	793	2.9	1	24 769
92	3024	2.9	1	32 2992
93	818	2.9	1	6 812
94	1557	2.9	1	7 1550
95	289	2.9	1	13 276
96	284	2.9	1	7 277
97	1327	2.9	1	29 1298
98	855	2.9	1	13 842
99	516	2.9	1	54 462
100	877	2.9	1	341 536

RUN STATISTICS FOR INPUT FILE: ./SRR11539115_1.fastq.gz
=============================================
48920905 sequences processed in total

