
SUMMARISING RUN PARAMETERS
==========================
Input filename: ./SRR11539112_1.fastq.gz
Trimming mode: paired-end
Trim Galore version: 0.6.8dev
Cutadapt version: 4.1
Number of cores used for trimming: 1
Quality Phred score cutoff: 20
Quality encoding type selected: ASCII+33
Using Nextera adapter for trimming (count: 219857). Second best hit was smallRNA (count: 1)
Adapter sequence: 'CTGTCTCTTATA' (Nextera Transposase sequence; auto-detected)
Maximum trimming error rate: 0.1 (default)
Minimum required adapter overlap (stringency): 3 bp
Minimum required sequence length for both reads before a sequence pair gets removed: 35 bp
Output file will be GZIP compressed


This is cutadapt 4.1 with Python 3.9.13
Command line parameters: -j 1 -e 0.1 -q 20 -O 3 -a CTGTCTCTTATA ./SRR11539112_1.fastq.gz
Processing single-end reads on 1 core ...
Finished in 1474.65 s (27 µs/read; 2.22 M reads/minute).

=== Summary ===

Total reads processed:              54,560,928
Reads with adapters:                14,666,585 (26.9%)
Reads written (passing filters):    54,560,928 (100.0%)

Total basepairs processed: 5,456,092,800 bp
Quality-trimmed:               7,907,056 bp (0.1%)
Total written (filtered):  4,945,811,846 bp (90.6%)

=== Adapter 1 ===

Sequence: CTGTCTCTTATA; Type: regular 3'; Length: 12; Trimmed: 14666585 times

Minimum overlap: 3
No. of allowed errors:
1-9 bp: 0; 10-12 bp: 1

Bases preceding removed adapters:
  A: 10.3%
  C: 43.1%
  G: 26.2%
  T: 20.3%
  none/other: 0.0%

Overview of removed sequences
length	count	expect	max.err	error counts
3	940062	852514.5	0	940062
4	367332	213128.6	0	367332
5	207763	53282.2	0	207763
6	180036	13320.5	0	180036
7	168346	3330.1	0	168346
8	163341	832.5	0	163341
9	160513	208.1	0	158859 1654
10	162360	52.0	1	158267 4093
11	170117	13.0	1	166739 3378
12	170039	3.3	1	167742 2297
13	176668	3.3	1	173642 3026
14	175979	3.3	1	174016 1963
15	178614	3.3	1	176136 2478
16	179382	3.3	1	177238 2144
17	179007	3.3	1	176848 2159
18	183013	3.3	1	180026 2987
19	187764	3.3	1	185330 2434
20	186770	3.3	1	184729 2041
21	192967	3.3	1	189952 3015
22	198467	3.3	1	196307 2160
23	198295	3.3	1	194811 3484
24	206394	3.3	1	202519 3875
25	207154	3.3	1	203522 3632
26	207323	3.3	1	204022 3301
27	201921	3.3	1	197436 4485
28	201008	3.3	1	197681 3327
29	210080	3.3	1	205417 4663
30	215405	3.3	1	211193 4212
31	232483	3.3	1	227812 4671
32	223413	3.3	1	218290 5123
33	232445	3.3	1	227933 4512
34	231551	3.3	1	227284 4267
35	233176	3.3	1	228928 4248
36	230556	3.3	1	227956 2600
37	225945	3.3	1	222551 3394
38	220579	3.3	1	217085 3494
39	225943	3.3	1	222357 3586
40	244674	3.3	1	240460 4214
41	241259	3.3	1	236592 4667
42	253958	3.3	1	249859 4099
43	300586	3.3	1	294603 5983
44	227711	3.3	1	224752 2959
45	244389	3.3	1	241292 3097
46	255194	3.3	1	251886 3308
47	249340	3.3	1	245988 3352
48	240248	3.3	1	237071 3177
49	249775	3.3	1	246263 3512
50	245320	3.3	1	242498 2822
51	259685	3.3	1	256311 3374
52	264762	3.3	1	261850 2912
53	280428	3.3	1	277680 2748
54	275684	3.3	1	272538 3146
55	302745	3.3	1	299520 3225
56	262846	3.3	1	260667 2179
57	256723	3.3	1	254213 2510
58	222027	3.3	1	219950 2077
59	218532	3.3	1	215605 2927
60	213162	3.3	1	211227 1935
61	201725	3.3	1	199897 1828
62	192131	3.3	1	189644 2487
63	168246	3.3	1	166444 1802
64	139074	3.3	1	135622 3452
65	88446	3.3	1	87322 1124
66	50332	3.3	1	49510 822
67	42194	3.3	1	41318 876
68	28640	3.3	1	26788 1852
69	25381	3.3	1	23809 1572
70	24394	3.3	1	23653 741
71	34577	3.3	1	33346 1231
72	33881	3.3	1	33219 662
73	39190	3.3	1	34846 4344
74	17234	3.3	1	16186 1048
75	3963	3.3	1	3391 572
76	3158	3.3	1	2255 903
77	3113	3.3	1	2629 484
78	2309	3.3	1	1594 715
79	2675	3.3	1	1986 689
80	3264	3.3	1	475 2789
81	1755	3.3	1	593 1162
82	1160	3.3	1	92 1068
83	2629	3.3	1	140 2489
84	563	3.3	1	52 511
85	454	3.3	1	58 396
86	760	3.3	1	42 718
87	582	3.3	1	18 564
88	1629	3.3	1	20 1609
89	621	3.3	1	14 607
90	1718	3.3	1	29 1689
91	728	3.3	1	36 692
92	3056	3.3	1	32 3024
93	871	3.3	1	14 857
94	1336	3.3	1	4 1332
95	268	3.3	1	3 265
96	234	3.3	1	7 227
97	1286	3.3	1	17 1269
98	763	3.3	1	3 760
99	471	3.3	1	18 453
100	515	3.3	1	93 422

RUN STATISTICS FOR INPUT FILE: ./SRR11539112_1.fastq.gz
=============================================
54560928 sequences processed in total

