SUMMARISING RUN PARAMETERS
==========================
Input filename: ./SRR11539111_1.fastq.gz
Trimming mode: paired-end
Trim Galore version: 0.6.8dev
Cutadapt version: 4.1
Number of cores used for trimming: 1
Quality Phred score cutoff: 20
Quality encoding type selected: ASCII+33
Using Nextera adapter for trimming (count: 245312). Second best hit was smallRNA (count: 1)
Adapter sequence: 'CTGTCTCTTATA' (Nextera Transposase sequence; auto-detected)
Maximum trimming error rate: 0.1 (default)
Minimum required adapter overlap (stringency): 3 bp
Minimum required sequence length for both reads before a sequence pair gets removed: 35 bp
Output file will be GZIP compressed


This is cutadapt 4.1 with Python 3.9.13
Command line parameters: -j 1 -e 0.1 -q 20 -O 3 -a CTGTCTCTTATA ./SRR11539111_1.fastq.gz
Processing single-end reads on 1 core ...
Finished in 1343.88 s (27 µs/read; 2.23 M reads/minute).

=== Summary ===

Total reads processed:              49,914,660
Reads with adapters:                14,865,578 (29.8%)
Reads written (passing filters):    49,914,660 (100.0%)

Total basepairs processed: 4,991,466,000 bp
Quality-trimmed:               7,405,243 bp (0.1%)
Total written (filtered):  4,468,917,693 bp (89.5%)

=== Adapter 1 ===

Sequence: CTGTCTCTTATA; Type: regular 3'; Length: 12; Trimmed: 14865578 times

Minimum overlap: 3
No. of allowed errors:
1-9 bp: 0; 10-12 bp: 1

Bases preceding removed adapters:
  A: 10.3%
  C: 43.4%
  G: 26.2%
  T: 20.1%
  none/other: 0.0%

Overview of removed sequences
length	count	expect	max.err	error counts
3	857720	779916.6	0	857720
4	341882	194979.1	0	341882
5	199749	48744.8	0	199749
6	173147	12186.2	0	173147
7	164633	3046.5	0	164633
8	163054	761.6	0	163054
9	162639	190.4	0	161245 1394
10	165972	47.6	1	162263 3709
11	173897	11.9	1	170915 2982
12	172325	3.0	1	170211 2114
13	179048	3.0	1	176338 2710
14	175093	3.0	1	173204 1889
15	176854	3.0	1	174697 2157
16	177781	3.0	1	175714 2067
17	177560	3.0	1	175572 1988
18	182558	3.0	1	179793 2765
19	190448	3.0	1	188407 2041
20	193174	3.0	1	191220 1954
21	200208	3.0	1	197693 2515
22	204918	3.0	1	202858 2060
23	203670	3.0	1	200430 3240
24	206511	3.0	1	202767 3744
25	207602	3.0	1	204248 3354
26	203593	3.0	1	200640 2953
27	200502	3.0	1	196389 4113
28	202720	3.0	1	199689 3031
29	213909	3.0	1	209498 4411
30	225465	3.0	1	221425 4040
31	241412	3.0	1	237075 4337
32	237117	3.0	1	232293 4824
33	240120	3.0	1	235813 4307
34	236829	3.0	1	232887 3942
35	239196	3.0	1	235296 3900
36	232317	3.0	1	229781 2536
37	225328	3.0	1	222430 2898
38	225054	3.0	1	221558 3496
39	238202	3.0	1	234540 3662
40	253007	3.0	1	249570 3437
41	260252	3.0	1	255963 4289
42	280278	3.0	1	276102 4176
43	344829	3.0	1	339317 5512
44	229087	3.0	1	226135 2952
45	234106	3.0	1	231512 2594
46	257142	3.0	1	254125 3017
47	249674	3.0	1	246662 3012
48	242089	3.0	1	239047 3042
49	257636	3.0	1	254317 3319
50	258957	3.0	1	256156 2801
51	281755	3.0	1	278605 3150
52	293370	3.0	1	290439 2931
53	303130	3.0	1	300506 2624
54	291727	3.0	1	288930 2797
55	311683	3.0	1	308710 2973
56	262303	3.0	1	260266 2037
57	252637	3.0	1	250321 2316
58	219529	3.0	1	217772 1757
59	221566	3.0	1	218709 2857
60	222244	3.0	1	220465 1779
61	218259	3.0	1	216397 1862
62	210081	3.0	1	207943 2138
63	178211	3.0	1	176555 1656
64	138286	3.0	1	135009 3277
65	81663	3.0	1	80647 1016
66	44273	3.0	1	43517 756
67	38319	3.0	1	37557 762
68	24392	3.0	1	22800 1592
69	22036	3.0	1	20509 1527
70	21836	3.0	1	21124 712
71	31902	3.0	1	30770 1132
72	31401	3.0	1	30759 642
73	35277	3.0	1	31472 3805
74	13583	3.0	1	12797 786
75	3699	3.0	1	3197 502
76	3092	3.0	1	2206 886
77	2995	3.0	1	2613 382
78	2211	3.0	1	1505 706
79	2556	3.0	1	1978 578
80	2893	3.0	1	419 2474
81	1599	3.0	1	545 1054
82	1075	3.0	1	103 972
83	2317	3.0	1	162 2155
84	514	3.0	1	48 466
85	406	3.0	1	57 349
86	623	3.0	1	30 593
87	542	3.0	1	18 524
88	1481	3.0	1	15 1466
89	561	3.0	1	12 549
90	1650	3.0	1	19 1631
91	667	3.0	1	25 642
92	2669	3.0	1	24 2645
93	743	3.0	1	9 734
94	1286	3.0	1	5 1281
95	249	3.0	1	1 248
96	220	3.0	1	4 216
97	1233	3.0	1	9 1224
98	721	3.0	1	14 707
99	363	3.0	1	25 338
100	486	3.0	1	113 373

RUN STATISTICS FOR INPUT FILE: ./SRR11539111_1.fastq.gz
=============================================
49914660 sequences processed in total

