
SUMMARISING RUN PARAMETERS
==========================
Input filename: ./SRR11539111_2.fastq.gz
Trimming mode: paired-end
Trim Galore version: 0.6.8dev
Cutadapt version: 4.1
Number of cores used for trimming: 1
Quality Phred score cutoff: 20
Quality encoding type selected: ASCII+33
Using Nextera adapter for trimming (count: 245312). Second best hit was smallRNA (count: 1)
Adapter sequence: 'CTGTCTCTTATA' (Nextera Transposase sequence; auto-detected)
Maximum trimming error rate: 0.1 (default)
Minimum required adapter overlap (stringency): 3 bp
Minimum required sequence length for both reads before a sequence pair gets removed: 35 bp
Output file will be GZIP compressed


This is cutadapt 4.1 with Python 3.9.13
Command line parameters: -j 1 -e 0.1 -q 20 -O 3 -a CTGTCTCTTATA ./SRR11539111_2.fastq.gz
Processing single-end reads on 1 core ...
Finished in 1387.55 s (28 µs/read; 2.16 M reads/minute).

=== Summary ===

Total reads processed:              49,914,660
Reads with adapters:                14,900,167 (29.9%)
Reads written (passing filters):    49,914,660 (100.0%)

Total basepairs processed: 4,991,466,000 bp
Quality-trimmed:              75,838,811 bp (1.5%)
Total written (filtered):  4,398,223,675 bp (88.1%)

=== Adapter 1 ===

Sequence: CTGTCTCTTATA; Type: regular 3'; Length: 12; Trimmed: 14900167 times

Minimum overlap: 3
No. of allowed errors:
1-9 bp: 0; 10-12 bp: 1

Bases preceding removed adapters:
  A: 10.1%
  C: 43.7%
  G: 26.2%
  T: 20.0%
  none/other: 0.0%

Overview of removed sequences
length	count	expect	max.err	error counts
3	843157	779916.6	0	843157
4	337831	194979.1	0	337831
5	200012	48744.8	0	200012
6	172791	12186.2	0	172791
7	163948	3046.5	0	163948
8	163089	761.6	0	163089
9	162715	190.4	0	161326 1389
10	166572	47.6	1	161411 5161
11	176236	11.9	1	170800 5436
12	173015	3.0	1	169068 3947
13	178478	3.0	1	174025 4453
14	175818	3.0	1	172094 3724
15	177318	3.0	1	173399 3919
16	179849	3.0	1	175617 4232
17	178147	3.0	1	174195 3952
18	183919	3.0	1	179822 4097
19	193362	3.0	1	188998 4364
20	193725	3.0	1	190007 3718
21	198454	3.0	1	194529 3925
22	205276	3.0	1	201827 3449
23	204325	3.0	1	200130 4195
24	210996	3.0	1	206732 4264
25	210028	3.0	1	205869 4159
26	204361	3.0	1	201135 3226
27	199653	3.0	1	196062 3591
28	206849	3.0	1	202747 4102
29	215687	3.0	1	211817 3870
30	219126	3.0	1	215593 3533
31	246669	3.0	1	241726 4943
32	239670	3.0	1	235596 4074
33	242248	3.0	1	237955 4293
34	240805	3.0	1	236887 3918
35	233521	3.0	1	229992 3529
36	232195	3.0	1	228701 3494
37	226128	3.0	1	222097 4031
38	226874	3.0	1	222980 3894
39	234918	3.0	1	231253 3665
40	252458	3.0	1	248328 4130
41	262920	3.0	1	257852 5068
42	270444	3.0	1	266578 3866
43	278076	3.0	1	272529 5547
44	277058	3.0	1	272907 4151
45	265102	3.0	1	261286 3816
46	265213	3.0	1	261458 3755
47	249657	3.0	1	246951 2706
48	243224	3.0	1	240306 2918
49	260556	3.0	1	257063 3493
50	258672	3.0	1	255264 3408
51	275981	3.0	1	272439 3542
52	292619	3.0	1	289628 2991
53	299986	3.0	1	297044 2942
54	295361	3.0	1	291468 3893
55	303835	3.0	1	300230 3605
56	269923	3.0	1	267140 2783
57	251503	3.0	1	248377 3126
58	220516	3.0	1	217882 2634
59	225666	3.0	1	222202 3464
60	222187	3.0	1	219849 2338
61	221201	3.0	1	218550 2651
62	212083	3.0	1	209328 2755
63	178769	3.0	1	176817 1952
64	139133	3.0	1	135665 3468
65	81562	3.0	1	80380 1182
66	43695	3.0	1	42892 803
67	39753	3.0	1	38779 974
68	25093	3.0	1	23317 1776
69	22422	3.0	1	20940 1482
70	22165	3.0	1	21497 668
71	32517	3.0	1	31543 974
72	46154	3.0	1	45327 827
73	30387	3.0	1	26466 3921
74	11436	3.0	1	10505 931
75	3323	3.0	1	2739 584
76	2264	3.0	1	1279 985
77	1824	3.0	1	1302 522
78	1469	3.0	1	703 766
79	2325	3.0	1	1589 736
80	2808	3.0	1	389 2419
81	1852	3.0	1	658 1194
82	1266	3.0	1	255 1011
83	2277	3.0	1	245 2032
84	879	3.0	1	232 647
85	563	3.0	1	159 404
86	844	3.0	1	167 677
87	673	3.0	1	100 573
88	1383	3.0	1	83 1300
89	735	3.0	1	76 659
90	1656	3.0	1	70 1586
91	831	3.0	1	133 698
92	2715	3.0	1	122 2593
93	794	3.0	1	32 762
94	1261	3.0	1	23 1238
95	248	3.0	1	12 236
96	280	3.0	1	33 247
97	1253	3.0	1	75 1178
98	658	3.0	1	18 640
99	383	3.0	1	34 349
100	511	3.0	1	125 386

RUN STATISTICS FOR INPUT FILE: ./SRR11539111_2.fastq.gz
=============================================
49914660 sequences processed in total

Total number of sequences analysed for the sequence pair length validation: 49914660

Number of sequence pairs removed because at least one read was shorter than the length cutoff (35 bp): 908010 (1.82%)
